>> XArr{1}

ans =

  -0.274791176142445
  -0.892198584502757
   0.145322717379257
   0.590645434758514

>> XArr{2}

ans =

  -0.887143972179527
  -0.226741094978130
   0.265119657700821
  -0.351051554115386

>> XArr{3}

ans =

  -0.667051693394996
   0.616477738848274
  -0.525421809974306
  -1.230031381234866

>> XArr{4}

ans =

   0.124814447151212
   0.826962256691112
  -1.087435995709855
   0.106003009763768
